0 67833 52903 20.0701 37
1 596120 382323 17.8514 38
2 60946 38004 13.6533 29
3 2510579 1493331 21.1246 44
4 57496 37359 19.1917 34
5 109219 85395 14.8196 32
6 129679 100274 18.9032 36
7 22537 18538 17.2797 33
8 475460 328372 19.771 41
9 301002 220411 18.8527 38
10 1395747 919792 18.4177 40
11 1623 1501 12.3344 22
12 68905 54375 19.4129 37
13 178863 132855 14.1703 32
14 6440 5681 16.8909 30
15 48810 39912 15.4591 31
16 109393 86067 15.3462 33
17 232055 173284 20.5899 40
18 164759 123518 19.4886 38
19 232246 167752 17.5848 37
20 341807 248270 18.5011 39
21 59609 47879 19.7936 36
22 67878 53354 19.2277 35
23 132173 101863 19.3902 38
24 186804 138434 15.958 34
25 278076 206925 15.5828 35
26 64091 52316 15.2617 32
27 320472 232795 18.4476 38
28 131657 101578 19.1152 38
29 2602 2352 15.6769 28
30 553719 364853 19.6187 41
31 101199 79479 16.8979 30
32 315839 230719 17.1059 32
33 65741 53336 17.581 34
34 2779 2572 10.3406 21
35 270528 197106 17.6095 37
36 32738 27370 16.2859 33
37 358921 255482 20.5356 40
38 20533 16925 18.2724 33
39 464405 329875 16.4933 37
40 533830 373973 17.1694 38
41 169096 125648 19.0707 39
42 2922 2633 13.5997 24
43 6117524 3695799 20.4957 45
44 195674 123783 15.8134 34
45 425606 297712 17.0529 35
46 107535 83898 16.4305 34
47 69802 56288 17.4147 36
48 65434 51867 15.1921 32
49 60452 48165 17.2843 35
50 3737 3404 12.7356 26
51 65719 53266 18.9928 38
52 50216 40741 16.866 29
53 29628 24122 17.8177 33
54 2777 2539 13.4053 24
55 219334 163136 15.7172 35
56 68951 56291 17.027 34
57 547929 379296 18.3495 39
58 48315 39143 18.407 35
59 2319624 1473775 19.6335 43
60 204968 143919 18.0122 37
61 13941 11964 16.263 26
62 73418 58800 17.0192 36
63 8613 7452 17.6554 31
64 7744 6673 18.0728 32
65 13695 11878 12.1402 25
66 78852 62918 15.4165 34
67 34493 28332 18.4112 35
68 155628 119863 17.1251 35
69 52564 42949 14.9647 31
70 350001 251344 17.4881 37
71 115241 90454 17.0213 35
72 377677 266136 19.18 41
73 58680 48298 16.7039 33
74 308190 224809 19.6282 39
75 2200959 1366706 19.0599 41
76 15986 5459 13.0824 25
77 294731 216334 17.7336 38
78 6758 5956 14.5727 27
79 426 395 12.2911 22
80 20394 14453 14.6637 28
81 22625 18845 16.9977 32
82 349509 250484 18.6911 39
83 28776 24127 12.3181 26
84 1078865 717264 17.9894 40
85 577499 404975 18.8006 39
86 34783 27052 20.6777 37
87 11663 9981 13.8205 27
88 529272 370172 16.8103 37
89 493675 342975 18.6944 39
90 1207560 790642 20.259 42
91 1346576 896855 17.2635 35
92 292476 210770 17.6906 37
93 104933 81530 18.3083 37
94 152886 116496 18.7894 37
95 89842 69603 19.4104 37
96 31426 25831 19.8177 36
97 32544 26914 16.9116 28
98 145713 114228 15.7052 34
99 6076 5434 13.4389 26
-
0 6933918 14407249 20.4268 37
1 117541319 236102967 18.4089 38
2 12093000 23979388 12.7363 29
3 101033113 203137473 21.279 44
4 7342418 14738239 19.7742 34
5 27421210 54838929 13.3078 32
6 6588499 13223149 18.9824 36
7 469283 936003 17.7507 33
8 65496775 128071226 18.3165 41
9 25473198 50935311 20.2854 38
