0 534 386 19.8705 37
1 3263 2398 18.7752 38
2 306 224 14.9018 29
3 4761 3137 20.9056 44
4 666 240 16.175 34
5 760 228 15.1053 32
6 728 287 20.6376 36
7 181 104 17.0769 33
8 664 384 23.2812 41
9 1110 828 18.7017 38
10 2640 1959 18.2843 40
11 107 70 12.2429 22
12 804 601 19.4276 37
13 760 578 16.1038 32
14 618 464 14.9375 30
15 459 343 14.7697 31
16 988 664 16.5422 33
17 307 226 17.6549 40
18 363 270 18.8593 38
19 858 643 20.5832 37
20 370 179 19.1285 39
21 151 111 18.6847 36
22 154 113 18.1062 35
23 449 336 21.8839 38
24 231 178 16.2584 34
25 1133 617 18.6402 35
26 333 247 19.0729 32
27 552 413 19.6174 38
28 392 287 18.122 38
29 173 129 12.6899 28
30 587 310 23.8613 41
31 4444 3226 17.469 38
32 449 338 23.8284 38
33 382 219 16.137 34
34 212 161 12.323 21
35 455 344 24.0959 37
36 2097 1317 16.1222 33
37 427 305 20.7541 40
38 1108 698 15.9828 33
39 1750 1106 19.8427 37
40 1890 1407 19.5053 38
41 948 629 24.2591 39
42 223 136 10.6324 24
43 792 589 26.7097 45
44 574 431 16.4478 34
45 282 209 20.2679 35
46 458 350 16.0057 34
47 408 314 14.7166 36
48 144 103 16.534 32
49 568 430 18.907 35
50 1306 1001 11.7782 26
51 3513 2466 18.4298 38
52 793 537 15.2439 35
53 173 103 17.3107 33
54 114 83 12.2169 24
55 717 474 18.4241 35
56 440 329 18.8267 34
57 172 122 20.2541 39
58 311 191 18.6021 35
59 669 424 25.0755 43
60 173 122 18.7295 37
61 385 223 16.2825 32
62 923 708 17.2232 36
63 218 100 15.59 31
64 196 150 13.3733 32
65 453 358 10.3017 25
66 467 358 19.4749 34
67 288 210 15.981 35
68 483 231 16.7229 35
69 685 523 17.6329 31
70 4937 3406 18.5446 37
71 1095 844 16.4858 35
72 2272 1611 19.5649 41
73 511 322 19.9286 33
74 365 275 19.9673 39
75 475 368 15.4239 41
76 176 81 12.7407 25
77 692 376 20.7739 38
78 271 204 12.348 27
79 261 144 10.5764 22
80 345 261 15.1762 28
81 258 197 14.7868 32
82 1636 924 20.3615 39
83 168 112 11.1161 26
84 2440 1668 18.4107 40
85 779 445 24.2809 39
86 434 322 21.6677 37
87 220 168 12.875 27
88 1240 714 20.1106 37
89 2350 1576 20.2957 39
90 206 132 21.8788 42
91 613 458 19.4847 39
92 188 116 18.9741 37
93 379 223 18.3094 37
94 641 359 20.8524 37
95 170 121 18.3058 37
96 478 359 19.6602 36
97 182 108 17.9167 34
98 327 248 17.4032 34
99 287 180 12.1444 26
100 303 194 15.6959 28
101 1393 990 16.3556 36
102 685 495 18.196 40
103 777 564 14.8812 33
104 184 135 10.9926 24
105 543 404 21.547 37
106 381 211 18.0237 38
107 261 194 14.4072 29
108 2910 1989 17.9482 37
109 2056 1342 20.8517 41
110 152 94 16.3298 31
111 384 297 13.3165 29
112 2485 1556 17.4781 36
113 962 553 26.5913 43
114 1798 1349 22.6946 42
115 211 141 14.8936 34
116 1551 1027 18.5774 37
117 899 653 22.0965 38
118 4712 3161 18.6824 40
119 1784 1022 16.9834 33
120 141 91 15.1868 28
121 261 181 16.4475 30
122 108 79 11.3418 23
123 146 108 17.7407 34
124 1177 699 19.03 40
125 243 176 18.4091 40
126 131 93 14.4409 29
127 389 294 19.932 38
128 453 316 17.4557 37
129 1693 1213 15.9258 33
130 524 329 15.2827 33
131 1163 881 17.9614 35
132 147 81 12.5309 24
133 941 620 21.5323 40
134 341 170 17.1235 35
135 754 583 13.1458 28
136 318 206 16.0388 33
137 2225 1619 13.5905 34
138 299 203 17.3448 36
139 164 114 19.3333 37
140 499 313 23.2684 43
141 350 257 13.0467 32
142 819 599 18.6861 38
143 1035 595 20.7529 36
144 567 371 17.1321 33
145 116 79 12.6835 25
146 618 442 19.9683 40
147 469 270 17.5 33
148 561 405 16.7481 34
149 747 489 17.9305 37
150 498 377 12.4828 30
151 206 151 13.7616 33
152 1160 861 15.158 31
153 485 346 23.0838 37
154 5133 3353 17.238 37
155 969 710 14.4254 29
156 1037 756 19.6772 39
157 162 107 18.3832 35
158 1331 891 21.486 41
159 6600 4189 18.5605 38
160 455 341 12.6276 30
161 246 179 15.0056 31
162 3579 2494 17.0397 38
163 467 349 18.8911 33
164 2104 1334 20.0345 40
165 492 314 22.6083 39
166 283 204 17.0441 34
167 328 236 18.6907 38
168 476 300 18.8533 37
169 141 96 16.3854 31
170 252 185 18.6541 32
171 2103 1506 17.2636 35
172 1150 817 16.6255 36
173 330 236 14.6229 32
174 577 427 16.0141 35
175 614 352 16.767 40
176 1562 1026 19.3538 39
177 4938 3314 16.5365 34
178 331 247 20.0324 40
179 462 335 19.1194 34
180 424 308 20.7305 42
181 280 200 16.905 37
182 1779 1074 17.3454 35
183 169 104 16.2981 32
184 476 287 16.7456 32
185 834 532 21.4605 37
186 1260 906 21.5188 38
187 167 92 14.6957 29
188 463 311 19.0064 35
189 250 175 13.8514 30
190 1981 1410 18.7603 39
191 357 248 17.1048 40
192 649 361 17.7839 31
193 5735 3706 22.272 46
194 826 616 15.7922 32
195 229 163 14.8896 33
196 2465 1650 18.9345 38
197 181 115 18.1391 36
198 394 284 18.0669 36
199 771 572 16.1766 30
200 828 599 17.6427 33
201 647 472 21.9767 36
202 3409 2322 17.612 37
203 328 247 16.2348 36
204 1713 1262 18.7615 41
205 427 110 17.5636 35
206 602 332 19.256 37
207 746 543 14.3333 30
208 147 99 14.8283 30
209 136 97 15.3402 30
210 507 282 19.0461 37
211 395 273 12.1685 25
212 8321 5103 19.9022 42
213 1171 742 17.5647 38
214 225 160 13.8688 30
215 506 298 17.4195 33
216 1179 865 14.585 32
217 2391 1425 21.7712 41
218 4762 2754 23.0192 47
219 340 238 20.2899 39
220 244 173 14.9017 30
221 6655 4491 19.0018 43
222 980 640 16.725 34
223 709 504 15.7163 34
224 1104 777 15.2291 30
225 830 550 22.3055 40
226 386 238 16.6933 31
227 1098 751 19.0439 41
228 168 109 16.8073 33
229 7504 5059 18.6772 40
230 3438 2347 17.8662 38
231 822 564 21.3493 39
232 440 271 18.5092 32
233 746 527 20.8596 40
234 3174 2189 18.7524 38
235 6675 4429 20.3658 43
236 977 723 13.3721 31
237 402 286 19.1084 35
238 1770 1217 18.5949 38
239 440 295 16.9288 33
240 227 161 14.3043 28
241 981 703 24.9616 40
242 195 132 13.2197 31
243 312 227 13.2159 27
244 823 588 17.8214 36
245 2005 1392 16.5359 35
246 161 96 15.1354 30
247 484 352 16.2273 31
248 186 128 19.5859 40
249 303 220 14.1773 32
250 362 259 17.7761 35
251 667 466 23.8884 42
252 1279 892 20.4742 39
253 1724 1225 17.0931 35
254 895 624 20.7372 37
255 457 331 17.0091 31
256 1788 1278 18.0642 39
257 536 379 16.7388 39
258 943 690 18.1377 33
259 381 267 19.3558 37
260 113 78 13.0513 25
261 539 387 18.2894 36
262 856 624 17.024 34
263 1211 822 21.8564 42
264 467 295 12.9322 27
265 1661 1191 21.8531 44
266 193 118 20.7797 39
267 176 124 19.2661 38
268 1105 797 15.5282 34
269 854 597 22.8693 38
270 240 168 13.3452 29
271 706 509 15.3969 34
272 169 114 19.3246 37
273 230 166 14.4036 30
274 113 81 12.9259 25
275 507 360 18.6556 31
276 1539 1104 16.3225 33
277 299 202 14.9307 32
278 905 637 22.8964 39
279 320 233 16.7682 34
280 982 695 29.5525 45
281 1878 1345 19.9911 39
282 1219 838 23.6384 42
283 428 304 21.8816 33
284 1776 1279 15.9789 34
285 336 232 17.2845 35
286 512 376 12.3218 25
287 1037 762 14.8819 30
288 119 78 13.8974 26
289 736 532 16.7368 34
290 291 202 17.5347 38
291 1175 787 16.3571 38
292 998 703 19.7795 38
293 1532 1082 16.3937 34
294 2381 1643 17.9385 38
295 257 174 11.8908 27
296 404 292 19.3014 34
297 2193 1510 13.6722 31
298 357 237 18.4473 33
299 319 229 17.4017 33
300 316 222 19.3604 41
301 1824 1195 18.3364 39
302 535 387 15.5504 34
303 256 180 14.7 29
304 940 677 18.9483 38
305 354 216 17.8426 36
306 3234 2251 22.2763 43
307 275 199 14.9698 32
308 477 356 10.0702 25
309 278 193 21.1554 43
310 136 94 14.8298 29
311 533 390 14.6282 30
312 364 261 19.931 30
313 194 133 16.4737 36
314 324 237 17.7848 33
315 260 190 16.8684 33
316 1882 1308 23.2225 45
317 395 245 18.249 35
318 267 168 13 31
319 168 119 20.2101 39
320 234 171 13.614 26
321 1409 1010 27.2198 45
322 389 273 13.9487 30
323 309 223 17.5964 35
324 859 611 24.0573 41
325 3523 2391 20.542 43
326 278 200 13.58 31
327 481 333 23.6306 40
328 166 115 17.6957 35
329 299 217 15.5668 29
330 7302 4479 16.8564 34
331 2005 1223 16.7269 37
332 241 153 10.9216 24
333 314 225 17.1378 34
334 259 184 16.212 34
335 999 660 19.6803 38
336 504 351 20.2707 35
337 839 595 19.242 34
338 489 319 22.0878 41
339 2286 1318 18.8354 35
340 364 238 17.0798 30
341 452 321 20.1776 37
342 616 403 23.7543 39
343 2238 1507 16.9098 35
344 563 361 18.4183 36
345 1486 1030 22.4563 41
346 1020 703 24.1323 41
347 707 489 20.0184 38
348 526 340 19.6471 32
349 1709 1239 14.7861 33
350 324 177 18.6667 39
351 936 682 16.7698 33
352 139 90 15.9444 30
353 2544 1789 19.1297 36
354 309 190 16.0474 37
355 941 657 26.4049 40
356 1005 709 19.3456 40
357 1660 1200 19.845 41
358 374 254 18.4921 33
359 1012 717 18.2385 36
360 471 328 23.3902 40
361 656 461 19.9761 33
362 338 238 18.1555 37
363 1916 1340 17.0149 38
364 132 78 12.6026 25
365 2969 2049 18.4192 38
366 270 193 16.4145 35
367 520 384 14.7865 33
368 427 307 17.1531 30
369 688 474 22.1435 39
370 2180 1548 17.697 36
371 1224 844 15.4313 33
372 534 376 24.7713 41
373 909 595 20.3277 37
374 167 110 19.3 37
375 719 511 21.0352 39
376 442 311 18.164 31
377 1217 859 20.4889 41
378 444 314 17.8758 31
379 552 374 16.016 36
380 557 401 13.6309 31
381 155 102 16.8529 32
382 1395 1012 13.9358 32
383 1449 930 17.2161 36
384 294 209 16.2679 32
385 455 327 17.5168 31
386 418 268 17.6157 32
387 406 291 19.9003 34
388 264 190 15.5368 33
389 585 375 15.96 30
390 1017 691 26.2127 42
391 7009 4695 21.9144 42
392 591 416 20.8197 36
393 177 120 20.3833 39
394 499 358 18.9022 36
395 663 463 20.5378 45
396 417 303 18.9274 34
397 4508 3129 17.3295 36
398 173 123 12.4878 29
399 156 108 18.213 35
400 1239 877 22.057 41
401 1753 1216 20.1127 38
402 979 705 15.7277 32
403 326 225 18.1956 37
404 307 222 15.7793 27
405 185 106 18.3113 35
406 157 109 18.9817 36
407 451 325 24.1538 38
408 1478 1037 17.2864 36
409 341 231 18.368 37
410 347 253 16.3202 38
411 422 308 16.4838 33
412 285 199 15.9296 33
413 847 609 18.7964 31
414 176 116 18.3534 36
415 328 240 14.275 31
416 307 216 18.4907 37
417 391 282 16.7837 28
418 144 98 16.7959 32
419 317 233 12.2489 31
420 224 165 13.8121 30
421 282 174 13.8966 28
422 383 278 18.5863 36
423 1744 1242 18.0797 36
424 3031 2151 16.3301 32
425 994 721 17.3301 33
426 908 638 23.7743 39
427 1910 1397 15.6084 37
428 1025 710 15.9282 33
429 809 437 17.5149 35
430 4434 3113 15.4083 32
431 155 107 17.9907 34
432 226 165 12.6364 23
433 415 304 16.3849 35
434 1294 899 16.4427 31
435 2034 1381 19.0804 38
436 167 101 15.1881 31
437 595 426 14.7512 30
438 609 430 18.0186 32
439 3647 2552 21.1481 41
440 174 122 20.7377 40
441 406 294 18.3946 41
442 296 209 16.9522 33
443 167 115 20.0957 38
444 942 667 19.3178 39
445 326 230 17.413 32
446 142 97 14.9588 29
447 385 281 18.5979 37
448 313 227 14.4537 29
449 637 452 17.8429 35
450 221 156 13.9038 26
451 326 236 18.0254 32
452 934 669 21.9686 39
453 165 108 18.7593 36
454 1165 835 19.4455 39
455 311 209 16.9952 33
456 636 452 21.5111 38
457 201 145 15.5379 36
458 363 263 18.7376 35
459 443 320 23.325 38
460 727 520 18.3077 36
461 952 688 20.5843 37
462 170 111 17.2162 34
463 502 366 22.429 36
464 1841 1296 17.0448 37
465 202 128 21.7734 42
466 7629 5352 19.6882 41
467 873 635 17.9354 38
468 346 244 17.8484 33
469 1164 825 20.6085 39
470 604 416 19.3894 36
471 586 415 20.9133 37
472 118 81 14 27
473 2428 1724 20.8631 43
474 298 214 16.6168 34
475 203 144 16.2708 37
476 8754 6077 17.8741 38
477 460 334 15.5958 34
478 941 670 24.6821 42
479 708 497 21.5473 37
480 226 165 18.3273 34
481 261 184 15.212 30
482 347 254 15.8543 28
483 564 384 17.3828 37
484 379 270 19.2 35
485 628 449 20.5857 37
486 5075 3399 19.0344 41
487 333 238 16.9076 35
488 5213 3534 16.7838 37
489 367 204 16.549 33
490 1498 1009 22.884 43
491 643 456 15.9079 36
492 115 78 11.6923 24
493 167 117 19.8718 38
494 927 681 16.0132 34
495 291 189 15.1164 32
496 304 216 18.8889 35
497 155 107 16.8131 34
498 2556 1822 18.8568 39
499 800 568 21.118 40
-
0 412 538 16.4535 37
1 11042 15139 12.8256 38
2 74 89 14.6404 29
3 1214 1629 17.8674 44
4 147 188 16.2553 34
5 1042 1354 11.692 32
6 90 111 19.1532 36
7 85 104 17.0769 33
8 111 136 20.5294 41
9 1078 1468 14.9189 38
10 108414 148744 10.3955 40
11 61 70 12.2429 22
12 97 117 18.4701 37
13 500 636 12.4591 32
14 390 449 14.2205 30
15 80 97 16.3918 31
16 366 482 15.7012 33
17 177 226 17.6549 40
18 112 120 20.1667 38
19 224 291 16.9175 37
20 2143 2970 14.2135 39
21 90 111 18.6847 36
22 90 110 18.5636 35
23 448 426 18.108 38
24 1656 2323 12.2837 34
25 6497 8808 12.905 35
26 84 99 16.4949 32
27 1745 2268 12.4078 38
28 100 118 19.6695 38
29 70 83 14.9518 28
30 101 118 20.9322 41
31 6690 8860 13.0736 38
32 99 116 19.5431 38
33 88 106 18.0377 34
34 109 135 10.4593 21
35 385 497 15.9437 37
36 6073 8154 9.89404 33
37 116 124 20.8871 40
38 8722 11414 8.97959 33
39 100 122 18.4426 37
40 19715 26772 12.1493 38
41 100 120 20.1667 39
42 67 78 12.9872 24
43 108 133 22.9023 45
44 249 314 16.5955 34
45 93 110 18.0818 35
46 319 412 16.4709 34
47 2293 3172 13.0813 36
48 83 100 16.99 32
49 1861 2587 12.3835 35
50 43385 60060 6.64024 26
51 19465 26487 12.0535 38
52 575 697 14.3458 35
53 87 103 17.3107 33
54 72 83 12.2169 24
55 285 316 17.4462 35
56 499 611 12.7218 34
57 105 122 20.2541 39
58 89 108 18.4444 35
59 1046 1390 19.5885 43
60 112 119 19.1681 37
61 1203 1643 11.8077 32
62 2304 3132 12.9001 36
63 95 97 16.0309 31
64 86 101 16.6238 32
65 1228 1690 9.34379 25
66 88 105 17.5048 34
67 89 106 17.5472 35
68 430 542 16.4151 35
69 5123 6898 11.0636 31
70 44209 59698 9.35058 37
71 3887 5050 10.2044 35
72 2211 2895 17.4086 41
73 130 102 17.451 33
74 2032 2726 14.1082 39
75 2855 3645 13.0565 41
76 66 78 13.1795 25
77 445 586 18.7133 38
78 1133 1477 9.97563 27
79 125 141 10.773 22
80 201 254 14.248 28
81 85 106 15.6509 32
82 14558 19391 12.759 39
83 94 112 11.1161 26
84 1038 1392 15.9993 40
85 146 127 19.7087 39
86 94 113 18.9735 37
87 72 86 14.1628 27
88 475 619 17.5767 37
89 1850 2503 16.5781 39
90 111 132 21.8788 42
91 102 123 20.187 39
92 95 113 19.4425 37
93 110 114 19.1404 37
94 108 121 18.5785 37
95 101 121 18.3058 37
96 246 311 17.4405 36
97 90 108 17.9167 34
98 252 320 16.7312 34
99 110 123 11.4634 26
100 74 86 14.8023 28
101 43366 60422 8.57835 36
102 253 323 17.5975 40
103 29203 41259 8.60244 33
104 61 75 12.8533 24
105 1660 2352 12.673 37
106 98 119 19.8151 38
107 74 91 15.4066 29
108 7960 11174 12.7689 37
109 892 1216 13.6653 41
110 75 94 16.3298 31
111 262 352 12.0483 29
112 5504 7805 10.8231 36
113 291 380 20.0658 43
114 2583 3590 15.4944 42
115 86 107 17.6822 34
116 8204 11553 12.537 37
117 92 113 19.4779 38
118 17981 25491 10.7805 40
119 365 497 14.7143 33
120 74 91 15.1868 28
121 76 95 15.8421 30
122 64 79 11.3418 23
123 87 108 17.7407 34
124 340 447 18.0089 40
125 440 582 19.3935 40
126 75 93 14.4409 29
127 98 122 19.6475 38
128 99 110 19.0909 37
129 528 707 13.7624 33
130 1869 2626 12.6733 33
131 568 775 16.4013 35
132 75 78 12.9615 24
133 103 129 19.4186 40
134 92 110 18.0364 35
135 37317 49707 5.78375 28
136 91 104 17.6923 33
137 19521 27577 6.83747 34
138 103 115 19.1391 36
139 94 114 19.3333 37
140 114 140 21.0786 43
141 83 98 17.0918 32
142 542 715 15.3552 38
143 95 115 18.8 36
144 294 394 16.335 33
145 64 76 13.1316 25
146 372 485 16.8557 40
147 91 106 17.4811 33
148 86 105 17.581 34
149 259 338 17.3521 37
150 1581 2211 12.0701 30
151 87 108 16.4167 33
152 3464 4542 9.85645 31
153 97 117 18.8376 37
154 40212 55683 10.443 37
155 1969 2768 8.67197 29
156 4108 5442 13.4419 39
157 88 107 18.3832 35
158 1349 1877 17.3633 41
159 26546 36662 11.4786 38
160 360 483 10.5942 30
161 1204 1684 11.44 31
162 17240 24578 10.3625 38
163 103 129 14 33
164 1662 2317 15.9245 40
165 99 121 20.6529 39
166 91 110 18.1364 34
167 100 124 18.8871 38
168 133 172 14.314 37
169 78 96 16.3854 31
170 74 92 16.7391 32
171 519 697 15.9613 35
172 61364 87292 7.69868 36
173 216 281 13.4698 32
174 2369 3300 11.2161 35
175 1063 1470 16.0054 40
176 207 263 18.1939 39
177 56759 77993 10.2805 34
178 2615 3648 14.3018 40
179 171 211 17.6256 34
180 107 129 21.2791 42
181 94 113 19.8761 37
182 367 494 16.7166 35
183 83 101 16.7426 32
184 148 193 16.0777 32
185 93 112 19.0982 37
186 92 114 19.2018 38
187 72 89 15.1461 29
188 811 1124 9.65836 35
189 79 98 14.7959 30
190 8378 11770 12.1958 39
191 102 125 20.448 40
192 82 97 16.701 31
193 4087 5578 16.2427 46
194 3539 4938 8.61827 32
195 80 101 17.4356 33
196 3580 5017 11.7538 38
197 92 112 18.5893 36
198 178 227 17.9163 36
199 1738 2449 11.5713 30
200 153 200 16.485 33
201 86 107 18.2991 36
202 1460 1956 13.1263 37
203 87 109 18.6147 36
204 713 973 16.6177 41
205 86 107 18.0187 35
206 205 269 17.1859 37
207 2456 3447 9.59994 30
208 78 99 14.8283 30
209 75 94 15.7872 30
210 289 216 18.2639 37
211 218 286 11.3531 25
212 143746 191165 11.5496 42
213 661 846 15.682 38
214 79 94 14.8191 30
215 394 517 14.3868 33
216 323 422 13.8863 32
217 6688 8571 14.5101 41
218 2179 2815 19.2082 47
219 103 121 20.405 39
220 79 95 16.2842 30
221 154955 202487 10.7843 43
222 301 367 15.3488 34
223 3991 5233 11.5536 34
224 148 182 14.3681 30
225 113 127 19.5118 40
226 84 96 15.2917 31
227 405 440 18.0591 41
228 90 106 17.2453 33
229 81829 107301 10.685 40
230 199676 272546 9.14808 38
231 351 459 15.2135 39
232 81 98 16.7143 32
233 1424 1978 16.0293 40
234 15756 21759 8.42557 38
235 142903 200140 9.26652 43
236 14385 20340 9.0176 31
237 89 109 18.0367 35
238 22543 31623 11.438 38
239 202 263 15.0266 33
240 70 84 14.9881 28
241 244 304 16.8322 40
242 81 100 15.51 31
243 74 91 13.8242 27
244 160 201 15.9552 36
245 4452 6176 12.1875 35
246 80 96 15.1354 30
247 191 247 13.4575 31
248 103 128 19.5859 40
249 1390 1931 11.3791 32
250 87 106 17.9623 35
251 102 125 21.664 42
252 98 120 20.8167 39
253 6361 8740 11.6097 35
254 741 1000 15.276 37
255 200 264 14.8864 31
256 6118 8491 12.4248 39
257 2755 3704 13.9638 39
258 13413 18785 9.63487 33
259 95 118 18.4322 37
260 65 78 13.0513 25
261 87 110 18.6545 36
262 843 1050 14.4819 34
263 5989 8347 14.1723 42
264 69 84 14.5714 27
265 5800 8042 15.6779 44
266 94 118 20.7797 39
267 99 121 19.7107 38
268 6568 9207 9.03943 34
269 99 125 19.072 38
270 83 92 15.087 29
271 414 559 15.4884 34
272 92 114 19.3246 37
273 76 93 15.6559 30
274 62 78 13.3718 25
275 75 96 15.9896 31
276 11210 15639 9.63227 33
277 145 188 14.5319 32
278 353 468 17.0385 39
279 155 206 17.3398 34
280 281 363 20.3829 45
281 70858 99242 9.93007 39
282 99 121 21.5537 42
283 82 102 17.0588 33
284 6646 9296 9.67093 34
285 1389 1905 13.3281 35
286 141 161 11.6708 25
287 3258 4596 9.74326 30
288 60 78 13.8974 26
289 236 317 14.3281 34
290 91 115 19.6348 38
291 516 693 17.1313 38
292 408 553 18.5136 38
293 2136 2943 13.6449 34
294 5165 7300 12.5442 38
295 69 89 13.0337 27
296 84 104 17.6731 34
297 22254 30628 7.97388 31
298 162 202 16.1683 33
299 86 99 17.8687 33
300 102 124 21.4274 41
301 5858 8079 12.8527 39
302 284 376 15.7846 34
303 75 93 15.1505 29
304 3337 4518 12.824 38
305 91 111 19.1351 36
306 16880 23330 13.7391 43
307 113 99 16.4141 32
308 2545 3576 6.16806 25
309 587 783 18.9655 43
310 83 91 15.2747 29
311 3189 4515 9.98693 30
312 72 89 16.0112 30
313 91 112 18.8393 36
314 1174 1612 11.7357 33
315 82 100 17.65 33
316 323 419 21.6611 45
317 1177 1571 15.1273 35
318 84 104 15.1346 31
319 95 119 20.2101 39
320 62 77 13.6364 26
321 1997 2817 17.1179 45
322 85 95 14.7895 30
323 89 111 17.991 35
324 110 136 20.1471 41
325 32019 44501 12.6558 43
326 144 183 14.4918 31
327 99 122 20.8689 40
328 90 112 18.1339 35
329 194 255 14.3843 29
330 63474 89327 9.04095 34
331 60653 88123 9.16033 37
332 65 76 12.4605 24
333 1065 1549 11.5429 34
334 82 105 17.9714 34
335 53808 78800 8.95402 38
336 161 209 17.5502 35
337 302 406 16.4778 34
338 100 125 21.24 41
339 50521 72601 9.84481 35
340 75 94 14.7979 30
341 95 119 18.4286 37
342 97 122 20.123 39
343 1678 2358 13.6149 35
344 138 142 15.3592 36
345 134 128 21.625 41
346 1255 1678 16.506 41
347 841 1188 17.3569 38
348 77 97 16.6392 32
349 16158 22751 8.82454 33
350 183 234 19.3974 39
351 447 618 13.3722 33
352 71 90 15.9444 30
353 3507 5059 13.8085 36
354 93 117 19.4359 37
355 425 577 16.5737 40
356 8123 11616 11.6826 40
357 50163 72131 9.11824 41
358 80 102 17.1569 33
359 395 537 17.6629 36
360 99 124 20.6048 40
361 83 106 16.3679 33
362 102 115 19.2435 37
363 2949 4173 12.082 38
364 61 75 13.0533 25
365 1163 1474 14.9898 38
366 145 193 16.4145 35
367 1501 2184 9.91255 33
368 95 98 15.102 30
369 100 126 19.4762 39
370 2347 3360 12.092 36
371 57497 81208 8.29846 33
372 106 132 20.1212 41
373 262 349 18.0344 37
374 88 110 19.3 37
375 228 306 16.6536 39
376 78 98 16.6633 31
377 4419 6215 14.4932 41
378 76 98 16.1837 31
379 501 644 17.0885 36
380 1400 2008 10.8825 31
381 80 102 16.8529 32
382 11295 16099 7.46667 32
383 595 830 17.3048 36
384 91 99 16.9293 32
385 74 92 16.0109 31
386 79 102 16.9804 32
387 157 204 16.6912 34
388 144 190 15.5368 33
389 683 777 13.6126 30
390 387 534 13.6217 42
391 67495 96517 10.9403 42
392 2527 3588 13.3155 36
393 187 120 20.3833 39
394 91 110 18.7545 36
395 211 271 21.6162 45
396 82 103 17.7184 34
397 44445 59166 9.47296 36
398 128 97 14.5258 29
399 89 108 18.213 35
400 983 1013 17.1797 41
401 14266 18607 11.2382 38
402 2558 3693 11.1099 32
403 210 222 18.4234 37
404 66 83 14.7711 27
405 85 106 18.3113 35
406 124 109 18.9817 36
407 180 235 17.8 38
408 242 325 15.9354 36
409 179 231 18.368 37
410 95 120 19.9333 38
411 93 100 17.11 33
412 82 101 17.5149 33
413 249 268 15.0784 31
414 114 116 18.3534 36
415 1266 1846 11.1094 31
416 86 110 19 37
417 205 273 13.3443 28
418 79 98 16.7959 32
419 112 126 13.1825 31
420 76 96 15.6042 30
421 69 87 14.977 28
422 90 113 18.6814 36
423 597 808 15.3837 36
424 57745 76689 8.11952 32
425 286 371 15.6199 33
426 97 120 20.075 39
427 143960 203051 6.45349 37
428 540 631 13.9509 33
429 396 518 15.2741 35
430 46593 65890 8.49422 32
431 88 107 17.9907 34
432 59 71 12.2676 23
433 196 248 15.1129 35
434 27449 38620 8.13343 31
435 52729 72469 9.87676 38
436 83 101 15.1881 31
437 470 632 12.1044 30
438 288 373 14.8579 32
439 20279 28585 11.3719 41
440 131 122 20.7377 40
441 105 127 21.5591 41
442 85 105 17.3619 33
443 93 115 20.0957 38
444 5631 7463 11.4388 39
445 78 95 16.6526 32
446 78 94 15.3936 29
447 128 115 19.0696 37
448 195 256 12.4531 29
449 92 112 17.3482 35
450 122 156 13.9038 26
451 1187 1672 11.2075 32
452 699 821 19.2509 39
453 87 108 18.7593 36
454 606 833 16.2449 39
455 166 209 16.9952 33
456 99 120 19.675 38
457 93 115 17.9826 36
458 725 819 17.2869 35
459 97 119 19.6303 38
460 90 111 19.1441 36
461 980 1345 16.2097 37
462 89 108 17.6574 34
463 402 473 15.9218 36
464 3499 4760 11.2842 37
465 105 128 21.7734 42
466 77167 105640 10.6551 41
467 13461 18009 12.2636 38
468 80 99 17.2525 33
469 3099 4260 13.5901 39
470 1182 1624 16.5277 36
471 451 545 18.3009 37
472 66 81 14 27
473 6805 9414 13.5227 43
474 86 107 17.6916 34
475 90 110 19.2273 37
476 184249 258960 9.56092 38
477 155 195 16.6974 34
478 107 130 22.0077 42
479 94 116 19.431 37
480 81 99 17.3333 34
481 75 92 15.9239 30
482 190 252 13.9802 28
483 219 283 16.1025 37
484 84 106 18.0943 35
485 97 120 18 37
486 4032 5587 14.5013 41
487 91 112 18.7768 35
488 2472 3312 13.721 37
489 84 103 16.9515 33
490 3498 4798 13.6484 43
491 2607 3679 12.7877 36
492 62 78 11.6923 24
493 94 117 19.8718 38
494 1677 2331 13.2295 34
495 81 100 16.95 32
496 80 102 18.402 35
497 85 104 17.2596 34
498 92780 128034 9.27868 39
499 274 286 17.3357 40
