0 807 487 19.9014 25
1 701 419 18.5776 25
2 516 304 20.9013 23
3 286 142 13.0352 17
4 330 197 19.4822 23
5 326 195 18.2308 23
6 1131 678 18.7906 23
7 227 132 10.2424 18
8 229 99 13.7778 23
9 747 448 16.6071 25
10 242 140 13.3571 22
11 657 401 14.182 24
12 759 452 18.9779 26
13 628 346 16.3382 26
14 832 505 14.0594 24
15 110 60 9.9 18
16 849 490 15.702 26
17 168 99 16.5657 24
18 345 211 14.8152 25
19 486 256 18.5898 23
20 697 421 17.342 26
21 327 197 12.401 19
22 1446 721 20.491 29
23 649 387 16.6641 24
24 487 295 17.661 24
25 1273 766 19.4478 27
26 893 435 18.8437 26
27 139 80 12.65 21
28 159 95 13.0526 20
29 440 264 21.9508 24
30 275 164 27.6829 26
31 644 390 19.1872 26
32 148 87 16.069 21
33 595 356 18.5674 20
34 243 141 18.8369 21
35 399 239 15.6444 23
36 549 329 16.0547 21
37 120 50 9.2 17
38 1481 880 21.2205 28
39 1322 779 21.7202 28
40 210 117 16.4017 16
41 1507 837 18.7061 27
42 702 420 13.9786 22
43 782 467 15.8908 24
44 48 29 5.65517 10
45 1215 631 16.6989 26
46 774 456 17.5965 25
47 218 124 19.9194 20
48 149 88 13.8409 23
49 679 413 14.678 21
50 1020 596 17.0067 22
51 132 74 14.4324 12
52 728 436 17.5413 25
53 459 273 14.4322 23
54 194 114 10.8947 19
55 52 32 4.625 8
56 309 189 18.0635 20
57 324 195 14.9333 21
58 324 196 18.0969 25
59 149 87 14.2759 24
60 623 375 21.6533 25
61 92 52 9.26923 16
62 226 138 7.82609 19
63 403 248 14.4839 19
64 1276 762 17.4436 25
65 186 104 15.0481 21
66 523 320 17.5156 24
67 847 500 21.716 26
68 566 311 16.8328 24
69 234 137 13.7591 25
70 527 316 20.0443 24
71 252 151 13.9603 24
72 410 247 15.4615 23
73 95 54 8.2963 15
74 135 81 13.9753 18
75 834 474 15.5253 26
76 510 227 19.5947 23
77 1383 828 17.8744 28
78 653 383 23.0313 28
79 1491 891 20.4175 28
80 655 387 18.0543 23
81 196 114 9.87719 17
82 767 460 17.2348 26
83 227 131 18.6489 23
84 215 127 16.1102 24
85 282 109 13.4037 20
86 1492 899 17.7375 26
87 301 172 15.0349 26
88 215 128 14.8594 19
89 162 99 9.53535 21
90 171 86 10.2326 16
91 1319 786 18.9924 28
92 2415 1409 21.0511 31
93 769 465 17.7484 24
94 196 112 14.2768 22
95 708 425 17.0612 25
96 199 115 13.5391 20
97 96 57 8.52632 15
98 1065 343 23.3411 26
99 848 510 17.949 24
-
0 16862 15085 22.1882 25
1 1411 1337 20.1227 25
2 6515 5826 16.7868 25
3 194 177 26.6554 17
4 1173 958 26.4614 23
5 542 506 18.2945 23
6 39126 35120 17.0204 23
7 230 212 8.90566 18
8 125 112 14 23
9 3040 2547 19.3388 25
10 126 114 16.4386 22
11 5098 4422 9.872 24
12 945 813 19.9323 26
13 2986 2038 16.0397 26
14 57242 48491 11.3065 24
15 92 58 9.7931 18
16 2603 2354 12.8292 26
17 93 82 16.6341 24
18 214 151 16.9934 25
19 1244 1106 16.8382 23
20 2261 2162 17.7354 26
21 1026 712 10.9031 19
22 829 763 21.0066 29
23 1672 1380 14.4674 24
24 1097 949 19.7176 24
25 1304 1227 27.3447 27
26 433 324 17.6728 26
27 123 70 11.8286 21
28 93 81 11.358 22
29 1143 864 20.2014 262
30 935 803 21.939 270
31 1740 1661 35.0933 26
32 88 67 11.8806 21
33 1681 1569 25.5927 24
34 305 281 17.4911 21
35 498 431 14.1995 23
36 5802 5155 37.4421 23
37 60 47 9.14894 17
38 1030 960 22.351 28
39 1058 811 58.1763 262
40 112 97 19.8351 16
41 7714 6621 15.4579 27
42 7072 6181 17.7308 22
43 1175 1097 15.7958 24
44 36 29 5.65517 10
45 2614 2042 18.5215 26
46 4545 4084 21.8947 25
47 104 92 15.2717 22
48 367 344 17.1366 25
49 4818 3980 15.153 21
50 13738 11595 15.3948 24
51 91 81 10.7037 12
52 3334 2377 20.0572 25
53 350 285 17.214 25
54 484 459 11.7386 19
55 63 55 4.8 8
56 3679 3110 21.9701 20
57 709 631 19.6466 21
58 160 144 19.4306 25
59 117 78 13.8462 24
60 177 113 16.2566 25
61 63 53 9.43396 16
62 155 71 10.4789 19
63 4596 3922 11.7552 19
64 7786 6669 18.9856 25
65 599 506 18.5593 25
66 7127 6119 16.8415 24
67 56395 48689 16.6159 28
68 1792 1080 23.5741 26
69 91 77 16.9481 25
70 728 687 19.1951 24
71 100 90 13.3111 24
72 1262 962 26.4553 23
73 61 51 7.96078 15
74 92 80 14.3 18
75 1253 1145 17.6 26
76 328 300 19.55 23
77 7371 6103 16.1091 268
78 2161 1971 35.8422 270
79 13645 11560 18.5017 28
80 1662 1256 20.1664 23
81 64 54 9.14815 17
82 1069 915 30.3443 26
83 342 158 19.6392 23
84 105 90 11.8444 24
85 931 797 13.4542 20
86 15584 13203 16.2169 24
87 205 183 20.612 28
88 259 208 13.8846 23
89 191 70 11 21
90 165 139 11.8993 18
91 5581 4872 16.0294 28
92 42461 36007 32.2556 31
93 1808 1703 19.2331 24
94 88 77 12.2338 22
95 1119 1055 18.2626 25
96 108 94 15.4362 20
97 79 70 8.74286 15
98 1247 1071 22.9486 26
99 1173 1109 17.8774 26
